V 54
K 1
D 0 0 1270000 0
Y 1
U 889000 635000 254000 0 3 3 REFDES=C?
U 889000 381000 254000 0 3 3 DEVICE=50SEV330M12.5X13.5
U 889000 127000 254000 0 3 0 PKG_TYPE=CAPAE1275X1400N
U 889000 -127000 254000 0 3 0 Description=CAP ALUM 330UF 20% 50V SMD
U 889000 -381000 254000 0 3 0 Datasheet Link=https://www.rubycon.co.jp/wp-content/uploads/catalog-aluminum/SEV.pdf
U 889000 -635000 254000 0 3 0 Height=14
U 889000 -889000 254000 0 3 0 Manufacturer_Name=Rubycon
U 889000 -1143000 254000 0 3 0 Manufacturer_Part_Number=50SEV330M12.5X13.5
U 889000 -1397000 254000 0 3 0 Mouser Part Number=
U 889000 -1651000 254000 0 3 0 Mouser Price/Stock=
U 889000 -1905000 254000 0 3 0 Arrow Part Number=
U 889000 -2159000 254000 0 3 0 Arrow Price/Stock=
U 0 0 254000 0 1 0 FORWARD_PCB=1
l 5 508000 254000 508000 -254000 584200 -254000 584200 254000 508000 254000
|GRPHSTL -1 -1 -1 1
l 5 762000 254000 762000 -254000 685800 -254000 685800 254000 762000 254000
|GRPHSTL -1 1 -1 3
l 2 457200 127000 355600 127000
|GRPHSTL -1 -1 -1 1
l 2 406400 177800 406400 76200
|GRPHSTL -1 -1 -1 1
l 2 254000 0 508000 0
|GRPHSTL -1 -1 -1 1
l 2 762000 0 1016000 0
|GRPHSTL -1 -1 -1 1
P 1 0 0 254000 0 0 2 0
L 0 -25400 228600 0 1 0 3 0 +
A 0 25400 203200 0 3 3 #=1
A 0 0 9 0 3 0 PINTYPE=BI
P 2 1270000 0 1016000 0 0 3 0
L 1270000 -25400 228600 0 7 0 3 0 -
A 1270000 25400 203200 0 9 3 #=2
A 0 0 9 0 3 0 PINTYPE=BI
E
